[position]
pos:[-480,384]

[base]
11 11 11 11 11 11 11 11 11 11 11 11 11 11 11 11 11 11 11 11 11 11 11 11 11 11 11 11 11 11
11 11 11 11 11 11 11 11 11 11 11 11 11 11 11 11 11 11 11 11 11 11 11 11 11 11 11 11 11 11
11 11 11 11 11 11 11 11 11 11 11 11 11 11 11 11 11 11 11 11 11 11 11 11 11 11 11 11 11 11
11 26 19 19 19 19 19 19 19 19 19 19 19 19 19 19 19 19 19 19 19 19 19 19 19 19 19 19 19 19
11 12 1 1 1 1 1 1 1 1 1 1 1 1 1 1 1 1 1 1 1 1 1 1 1 1 1 1 1 1
11 12 1 17 17 17 17 17 17 17 17 17 17 17 17 17 17 17 1 1 1 1 1 1 1 1 1 1 1 1
11 12 1 17 17 17 17 17 17 17 17 17 17 17 17 17 17 17 1 1 1 1 1 1 1 1 1 1 1 1
11 12 1 17 17 17 17 17 17 17 17 17 17 17 17 17 17 17 1 1 1 1 1 1 1 1 1 1 1 1
11 12 1 17 17 17 17 17 17 17 17 17 17 17 17 17 17 17 1 1 1 1 1 1 1 1 1 1 1 1
11 12 1 17 17 17 17 17 17 17 17 17 17 17 17 17 17 17 1 1 1 1 1 1 1 1 1 1 1 1
11 12 1 17 17 17 17 17 17 17 17 17 17 17 17 17 17 17 1 1 1 1 1 1 1 1 1 1 1 1
11 12 1 17 17 17 17 17 17 17 17 17 17 17 17 17 17 17 1 1 1 1 1 1 1 1 1 1 1 1
19 20 1 17 17 17 17 17 17 17 17 17 17 17 17 17 17 17 1 1 1 1 1 1 1 1 1 1 1 1
1 1 1 17 17 17 17 17 17 17 17 17 17 17 17 17 17 17 1 1 1 1 1 1 1 1 1 1 1 1
1 1 1 1 1 1 1 1 1 1 1 1 1 1 1 1 1 1 1 1 1 1 1 1 1 1 1 1 1 1
1 1 1 1 1 1 0 0 0 0 0 0 0 0 0 0 0 0 0 0 0 0 0 0 0 0 0 0 0 0
1 1 1 1 1 1 0 0 0 0 0 0 0 0 0 0 0 0 0 0 0 0 0 0 0 0 0 0 0 0
1 1 1 1 1 1 0 1 1 1 1 1 1 1 1 0 0 1 1 1 1 1 1 1 1 1 1 1 1 1
1 1 1 1 1 1 1 1 1 1 1 1 1 1 1 0 0 1 1 1 1 1 1 1 1 1 1 1 1 1
1 1 1 1 1 1 1 1 1 1 1 1 1 1 1 0 0 1 1 1 1 1 1 1 1 1 1 1 1 1
1 1 1 1 1 1 1 1 1 1 1 1 1 1 1 0 0 1 1 1 1 1 1 1 1 1 1 1 1 1
1 1 1 1 1 1 1 1 1 1 1 1 1 1 1 0 0 1 1 1 1 1 1 1 1 1 1 1 1 1
1 1 1 1 1 1 1 1 1 1 1 1 1 1 1 0 0 1 1 1 1 1 1 1 1 1 1 1 1 1
1 1 1 1 1 1 1 1 1 1 1 1 1 1 1 0 0 1 1 1 1 1 1 1 1 1 1 1 1 1

[upper]
0 0 0 0 0 0 0 0 0 0 0 0 0 0 0 0 0 0 0 0 0 0 0 0 0 0 0 0 0 0
0 0 0 0 0 0 0 36 25 25 37 0 0 0 0 0 0 0 0 0 0 0 0 0 0 0 0 0 0 0
0 0 0 0 0 0 0 44 25 25 45 0 0 0 0 0 0 0 0 0 0 0 0 0 0 0 0 0 0 0
0 0 0 0 0 0 0 52 51 51 53 0 0 0 0 0 0 0 0 0 0 0 0 0 0 0 0 0 0 0
0 0 5 7 7 7 7 6 0 0 5 7 7 7 7 7 7 7 6 28 28 28 28 28 28 28 28 28 28 28
0 0 13 0 0 0 0 0 0 0 0 0 0 0 0 0 0 0 0 28 28 28 28 28 28 28 28 28 28 28
0 0 13 0 0 0 0 0 0 0 0 0 0 0 0 0 0 0 0 28 28 28 28 28 28 28 28 28 28 28
0 0 13 0 0 0 0 0 0 0 0 0 0 0 0 0 0 0 0 28 28 28 28 28 28 28 28 28 28 28
0 0 13 0 0 0 0 0 0 0 0 0 0 0 0 0 0 0 0 28 28 28 28 28 28 28 28 28 28 28
0 0 13 0 0 0 0 0 0 0 0 0 0 0 0 0 0 0 0 28 28 28 28 28 28 28 28 28 28 28
0 0 13 0 0 0 0 0 0 0 0 0 0 0 0 0 0 0 0 28 28 28 28 28 28 28 28 28 28 28
0 0 13 0 0 0 0 0 0 0 0 0 0 0 0 0 0 0 0 28 28 28 28 28 28 28 28 28 28 28
0 0 13 0 0 0 0 0 0 0 0 0 0 0 0 0 0 0 0 28 28 28 28 28 28 28 28 28 28 28
5 7 30 0 0 0 0 0 0 0 0 0 0 0 0 0 0 0 0 28 28 28 28 28 28 28 28 28 28 28
28 28 0 0 0 0 0 0 0 0 0 0 0 0 0 0 0 0 0 28 28 28 28 28 28 28 28 28 28 28
28 28 0 0 0 0 0 0 0 0 0 0 0 0 0 0 0 0 0 0 0 0 0 0 0 0 0 0 0 0
28 28 0 0 0 0 0 0 0 0 0 0 0 0 0 0 0 0 0 0 0 0 0 0 0 0 0 0 0 0
28 28 0 0 0 0 0 0 0 28 28 28 28 28 28 0 0 28 28 28 28 28 28 28 28 28 28 28 28 28
28 28 28 28 0 0 0 0 0 28 28 28 28 28 28 0 0 28 28 28 28 28 28 28 28 28 28 28 28 28
28 28 28 28 0 0 0 0 0 28 28 28 28 28 28 0 0 28 28 28 28 28 28 28 28 28 28 28 28 28
28 28 28 28 0 0 0 0 0 28 28 28 28 28 28 0 0 28 28 28 28 28 28 28 28 28 28 28 28 28
28 28 28 28 0 0 0 0 0 28 28 28 28 28 28 0 0 28 28 28 28 28 28 28 28 28 28 28 28 28
28 28 28 28 28 28 28 28 28 28 28 28 28 28 28 0 0 28 28 28 28 28 28 28 28 28 28 28 28 28
28 28 28 28 28 28 28 28 28 28 28 28 28 28 28 0 0 28 28 28 28 28 28 28 28 28 28 28 28 28

[prefab]
count:4
coord:[4,18] fish_shop
coord:[11,9] slider
coord:[4,7] horse1
coord:[4,11] horse2

[collider]
count:17
pos:[-208,656] size:[208,112]
pos:[-176,448] size:[176,176]
pos:[-320,448] size:[144,16]
pos:[-449,448] size:[97,16]
pos:[-449,464] size:[8,143]
pos:[-463,607] size:[15,81]
pos:[-448,672] size:[63,21]
pos:[-369,672] size:[33,21]
pos:[-336,656] size:[96,112]
pos:[-413,560] size:[25,27]
pos:[-413,496] size:[25,30]
pos:[-300,540] size:[74,36]
pos:[-256,576] size:[30,16]
pos:[-250,528] size:[17,12]
pos:[-362,400] size:[6,48]
pos:[-316,400] size:[6,48]
pos:[-362,396] size:[52,4]

[teleporter]
count:3
pos:[-4,624] size:[4,32] target_coord:[0.5,-1.0] chunkid:1
pos:[-240,764] size:[32,4] target_coord:[-1.0, 0.5] chunkid:6
pos:[-385,672] size:[16,4] target_coord:[8.3,1.0] chunkid:12

[dialog]
count:0
