[position]
pos:[0,384]

[base]
11 11 11 11 11 11 11 11 11 11 11 11 11 11 11 11 11 11 11 11 11 11 11 11 11 11 11 11 11 11
11 11 11 11 11 11 11 11 11 11 11 11 11 11 11 11 11 11 11 11 11 11 11 11 11 11 11 11 11 11
11 11 11 11 11 11 11 11 11 11 11 11 11 11 11 11 11 11 11 11 11 11 11 11 11 11 11 11 11 11
19 19 19 19 19 19 19 19 19 19 19 19 19 19 19 19 19 19 19 19 19 19 19 19 19 19 19 19 19 19
1 1 1 1 1 0 0 1 1 1 1 1 1 1 1 1 1 1 1 1 1 1 1 1 1 1 1 1 1 1
1 1 1 1 1 0 0 1 1 1 1 1 1 1 1 1 1 1 1 1 1 1 1 1 1 1 1 1 1 1
1 1 1 1 1 0 0 1 1 1 1 1 1 1 1 1 1 1 1 1 1 1 1 1 1 1 1 1 1 1
1 1 1 1 1 0 0 1 1 1 1 1 1 1 1 1 1 1 1 1 1 1 1 1 1 1 1 1 1 1
1 1 1 1 1 0 0 1 1 1 1 1 1 1 1 1 1 1 1 1 1 1 1 1 1 1 1 1 1 1
1 1 1 1 1 0 0 1 1 1 1 1 1 1 1 1 1 1 1 1 1 1 1 0 0 0 0 0 0 0
1 1 1 1 1 0 0 1 1 1 1 1 1 1 1 1 1 1 1 1 1 1 1 0 0 0 0 0 0 0
1 1 1 1 1 0 0 1 1 1 1 1 1 1 1 1 1 1 1 1 1 1 1 0 0 1 1 1 1 1
1 1 1 1 1 0 0 1 1 1 1 1 1 1 1 1 1 1 1 1 1 1 1 0 0 1 1 1 1 1
1 1 1 1 1 0 0 1 1 1 1 1 1 1 1 0 0 1 1 1 1 1 1 0 0 1 1 1 1 1
1 1 1 1 1 0 0 1 1 1 1 1 1 1 1 0 0 1 1 1 1 1 1 0 0 1 1 1 1 1
0 0 0 0 0 0 0 0 0 0 0 0 0 0 0 0 0 0 0 0 0 0 0 0 0 1 1 1 1 1
0 0 0 0 0 0 0 0 0 0 0 0 0 0 0 0 0 0 0 0 0 0 0 0 0 1 1 1 1 1
1 1 1 1 0 0 0 1 1 1 1 1 1 1 1 0 0 1 1 1 1 0 1 1 1 1 1 1 1 1
1 1 1 1 1 1 1 1 1 1 1 1 1 1 1 0 0 1 1 1 1 0 1 1 1 1 1 1 1 1
1 1 1 1 1 1 1 1 1 1 1 1 1 1 1 0 0 1 1 1 1 1 1 1 1 1 1 1 1 1
1 1 1 1 1 1 1 1 1 1 1 1 1 1 1 0 0 1 1 1 1 1 1 1 1 1 1 1 1 1
1 1 1 1 1 1 1 1 1 1 1 1 1 1 1 0 0 1 1 1 1 1 1 1 1 1 1 1 1 1
1 1 1 1 1 1 1 1 1 1 1 1 1 1 1 0 0 1 1 1 1 1 1 1 1 1 1 1 1 1
1 1 1 1 1 1 1 1 1 1 1 1 1 1 1 0 0 1 1 1 1 1 1 1 1 1 1 1 1 1

[upper]
0 0 0 0 44 25 25 45 0 0 0 0 0 0 0 0 0 0 0 0 0 0 0 0 0 0 0 0 0 0
0 0 0 0 44 25 25 45 0 0 0 0 0 0 0 0 0 0 0 0 0 0 0 0 0 0 0 0 0 0
0 0 0 0 44 25 25 45 0 0 0 0 0 0 0 0 0 0 0 0 0 0 0 0 0 0 0 0 0 0
0 0 0 0 44 25 25 45 0 0 0 0 0 0 0 0 0 0 0 0 0 0 0 0 0 0 0 0 0 0
28 28 28 28 52 51 51 53 28 28 28 28 28 28 28 28 28 28 28 28 28 28 28 28 28 28 28 28 28 28
28 28 28 28 28 0 0 28 28 28 28 28 28 28 28 28 28 28 28 28 28 28 28 28 28 28 28 28 28 28
28 28 28 28 28 0 0 28 28 28 28 28 28 28 28 28 28 28 28 28 28 28 28 28 28 28 28 28 28 28
28 28 28 28 28 0 0 28 28 28 28 28 28 28 28 28 28 28 28 28 28 28 28 28 28 28 28 28 28 28
28 28 28 28 28 0 0 28 28 28 28 28 28 28 28 28 28 28 28 28 28 28 28 28 28 28 28 28 28 28
28 28 28 28 28 0 0 28 28 28 28 0 0 0 0 0 0 0 0 0 0 28 28 0 0 0 0 0 0 0
28 28 28 28 28 0 0 28 28 28 28 0 0 0 0 0 0 0 0 0 0 28 28 0 0 0 0 0 0 0
28 28 28 28 28 0 0 28 28 28 28 0 0 0 0 0 0 0 0 0 0 28 28 0 0 28 28 28 28 28
28 28 28 28 28 0 0 28 28 28 28 0 0 0 0 0 0 0 0 0 0 28 28 0 0 28 28 28 28 28
28 28 28 28 28 0 0 28 28 28 28 28 28 28 28 0 0 28 28 28 28 28 28 0 0 28 28 28 28 28
28 28 28 28 28 0 0 28 28 28 28 28 28 28 28 0 0 28 28 28 28 28 28 0 0 28 28 28 28 28
0 0 0 0 0 0 0 0 0 0 0 0 0 0 0 0 0 0 0 0 0 0 0 0 0 28 28 28 28 28
0 0 0 0 0 0 0 0 0 0 0 0 0 0 0 0 0 0 0 0 0 0 0 0 0 28 28 28 28 28
28 28 0 0 0 0 0 0 0 28 28 28 28 28 28 0 0 28 28 0 0 0 0 0 28 28 28 28 28 28
28 28 0 0 0 0 0 0 0 28 28 28 28 28 28 0 0 28 28 0 0 0 0 0 28 28 28 28 28 28
28 28 0 0 0 0 0 0 0 28 28 28 28 28 28 0 0 28 28 0 0 0 0 0 28 28 28 28 28 28
28 28 0 0 0 0 0 0 0 28 28 28 28 28 28 0 0 28 28 0 0 0 0 0 28 28 28 28 28 28
28 28 0 0 0 0 0 0 0 28 28 28 28 28 28 0 0 28 28 0 0 0 0 0 28 28 28 28 28 28
28 28 0 0 0 0 0 0 0 28 28 28 28 28 28 0 0 28 28 0 0 0 0 0 28 28 28 28 28 28
28 28 0 0 0 0 0 0 0 28 28 28 28 28 28 0 0 28 28 0 0 0 0 0 28 28 28 28 28 28
28 28 0 0 0 0 0 0 0 28 28 28 28 28 28 0 0 28 28 0 0 0 0 0 28 28 28 28 28 28

[prefab]
count:3
coord:[2,18] restaurant
coord:[11,9] library
coord:[19,18] church

[collider]
count:20
pos:[70,383] size:[6,77]
pos:[116,383] size:[6,77]
pos:[112,460] size:[16,164]
pos:[64,460] size:[16,164]
pos:[0,608] size:[64,16]
pos:[272,607] size:[96,17]
pos:[352,528] size:[16,79]
pos:[352,512] size:[128,16]
pos:[400,560] size:[80,16]
pos:[400,576] size:[16,96]
pos:[376,656] size:[24,47]
pos:[355,672] size:[21,31]
pos:[312,672] size:[21,31]
pos:[272,656] size:[40,112]
pos:[144,656] size:[96,112]
pos:[0,656] size:[32,112]
pos:[32,686] size:[39,17]
pos:[105,686] size:[39,17]
pos:[128,608] size:[112,16]

[teleporter]
count:7
pos:[76,384] size:[40,4] target_coord:[-1.0,22.5] chunkid:0 tag:t
pos:[0,624] size:[4,32] target_coord:[28.5,-1.0] chunkid:2 tag:t
pos:[476,528] size:[4,32] target_coord:[1.0,-1.0] chunkid:3 tag:t
pos:[240,764] size:[32,4] target_coord:[-1.0, 1.0] chunkid:4 tag:t
pos:[240,600] size:[32,4] target_coord:[10.5, 8.0] chunkid:9 tag:b
pos:[71,683] size:[34,7] target_coord:[11.0,1.0] chunkid:10 tag:c
pos:[333,672] size:[22,4] target_coord:[12.5,0.5] chunkid:11 tag:e

[dialog]
count:0
