[position]
pos:[0,768]

[base]
1 1 1 1 1 1 1 1 1 1 1 1 1 1 1 0 0 1 1 1 1 1 1 1 1 1 1 1 1 1
1 1 1 1 1 1 1 1 1 1 1 1 1 1 1 0 0 1 1 1 1 1 1 1 1 1 1 1 1 1
1 1 1 1 1 1 1 1 1 1 1 1 1 1 1 0 0 1 1 1 1 1 1 1 1 1 1 1 1 1
1 1 1 1 1 1 1 1 1 1 1 1 1 1 1 0 0 1 1 1 1 1 1 1 1 1 1 1 1 1
1 1 1 1 1 1 1 1 1 9 1 9 1 1 1 0 0 1 1 1 1 1 1 1 1 1 1 1 1 1
1 1 1 1 1 1 1 1 1 1 1 1 1 1 1 0 0 1 1 1 1 1 1 1 1 1 1 1 1 1
1 1 1 1 1 1 1 1 1 1 1 1 1 1 0 0 0 0 1 1 1 1 1 1 1 1 1 1 1 1
1 1 1 1 1 1 1 1 1 9 1 9 1 1 0 0 0 0 1 1 1 1 1 1 1 1 1 1 1 1
1 1 1 1 1 1 1 1 1 1 1 1 1 1 1 0 0 1 1 1 1 1 1 1 1 1 1 1 1 1
1 1 1 1 1 1 1 1 1 1 1 1 1 1 1 0 0 1 1 1 1 1 1 1 1 1 1 1 1 1
1 1 1 1 1 1 1 1 1 9 1 9 1 1 1 0 0 1 1 1 1 1 1 1 1 1 1 1 1 1
1 1 1 1 1 1 1 1 1 1 1 1 1 1 1 0 0 1 1 1 1 1 1 1 1 1 1 1 1 1
1 1 1 1 1 1 1 1 1 1 1 1 1 1 1 0 0 1 1 1 1 1 1 1 1 1 1 1 1 1
1 1 1 1 1 1 1 1 1 1 1 1 1 1 1 0 0 1 1 1 1 1 1 1 1 1 1 1 1 1
1 1 1 1 1 1 1 1 1 1 1 1 1 1 1 0 0 1 1 1 1 1 1 1 1 1 1 1 1 1
1 1 1 1 1 1 1 1 1 1 1 1 1 1 1 0 0 1 1 1 1 1 1 1 1 1 1 1 1 1
32 32 32 32 32 32 32 32 32 32 32 32 32 32 32 8 8 32 32 32 32 32 32 32 32 32 32 32 32 32
32 32 32 32 32 32 32 32 32 32 32 32 32 32 32 8 8 32 32 32 32 32 32 32 32 32 32 32 32 32
32 32 32 32 32 32 32 32 32 32 32 32 32 32 32 32 32 32 32 32 32 32 32 32 32 32 32 32 32 32
32 32 32 32 32 32 32 32 32 32 32 32 32 32 32 32 32 32 32 32 32 32 32 32 32 32 32 32 32 32
32 32 32 32 32 32 32 32 32 32 32 32 32 32 32 32 32 32 32 32 32 32 32 32 32 32 32 32 32 32
40 40 40 40 40 40 40 40 40 40 40 40 40 40 40 40 40 40 40 40 40 40 40 40 40 40 40 40 40 40
1 1 1 1 1 1 1 1 1 1 1 1 1 1 1 1 1 1 1 1 1 1 1 1 1 1 1 1 1 1
1 1 1 1 1 1 1 1 1 1 1 1 1 1 1 1 1 1 1 1 1 1 1 1 1 1 1 1 1 1

[upper]
28 28 28 28 28 28 28 28 28 28 28 28 28 28 28 0 0 28 28 28 28 28 28 28 28 28 28 28 28 28
28 28 28 28 28 28 28 28 28 28 28 28 28 28 28 0 0 28 28 28 28 28 28 28 28 28 28 28 28 28
28 28 28 28 28 28 28 28 28 28 28 28 28 28 28 0 0 28 28 28 28 28 28 28 28 28 28 28 28 28
28 28 28 28 28 28 28 28 5 7 7 7 7 6 0 0 0 28 28 28 28 28 28 28 28 28 28 28 28 28
28 28 28 28 28 28 28 28 13 0 0 0 0 14 0 0 0 28 28 28 28 28 28 28 28 28 28 28 28 28
28 28 28 28 28 28 28 28 13 33 0 33 0 29 0 0 0 0 0 0 0 0 0 28 28 28 28 28 28 28
28 28 28 28 28 28 28 28 13 0 0 0 0 0 0 0 0 0 0 0 0 0 0 28 28 28 28 28 28 28
28 28 28 28 28 28 28 28 13 0 0 0 0 0 0 0 0 0 0 0 0 0 0 28 28 28 28 28 28 28
28 28 28 28 28 28 28 28 13 33 0 33 0 38 0 0 0 0 0 0 0 0 0 28 28 28 28 28 28 28
28 28 28 28 28 28 28 28 13 0 0 0 0 14 0 0 0 28 28 28 28 28 28 28 28 28 28 28 28 28
28 28 28 28 28 28 28 28 13 0 0 0 0 14 0 0 0 28 28 28 28 28 28 28 28 28 28 28 28 28
28 28 28 28 28 28 28 28 13 33 0 33 0 14 0 0 0 28 28 28 28 28 28 28 28 28 28 28 28 28
28 28 28 28 28 28 28 28 5 7 7 7 7 6 0 0 0 28 28 28 28 28 28 28 28 28 28 28 28 28
28 28 28 28 28 28 28 28 28 28 28 28 28 28 28 0 0 28 28 28 28 28 28 28 28 28 28 28 28 28
28 28 28 28 28 28 28 28 28 28 28 28 28 28 28 0 0 28 28 28 28 28 28 28 28 28 28 28 28 28
28 28 28 28 28 28 28 28 28 28 28 28 28 28 28 0 0 28 28 28 28 28 28 28 28 28 28 28 28 28
0 0 0 0 0 0 0 0 0 0 0 0 0 0 0 0 0 0 0 0 0 0 0 0 0 0 0 0 0 0
0 0 0 0 0 0 0 0 0 0 0 0 0 0 0 0 0 0 0 0 0 0 0 0 0 0 0 0 0 0
0 0 0 0 0 0 0 0 0 0 0 0 0 0 0 0 0 0 0 0 0 0 0 0 0 0 0 0 0 0
0 0 0 0 0 0 0 0 0 0 0 0 0 0 0 0 0 0 0 0 0 0 0 0 0 0 0 0 0 0
0 0 0 0 0 0 0 0 0 0 0 0 0 0 0 0 0 0 0 0 0 0 0 0 0 0 0 0 0 0
0 0 0 0 0 0 0 0 0 0 0 0 0 0 0 0 0 0 0 0 0 0 0 0 0 0 0 0 0 0
0 0 0 0 0 0 0 0 0 0 0 0 0 0 0 0 0 0 0 0 0 0 0 0 0 0 0 0 0 0
0 0 0 0 0 0 0 0 0 0 0 0 0 0 0 0 0 0 0 0 0 0 0 0 0 0 0 0 0 0

[prefab]
count:1
coord:[17,5] nathan_home

[collider]
count:15
pos:[224,767] size:[16,49]
pos:[135,816] size:[82,13]
pos:[135,960] size:[82,13]
pos:[217,816] size:[7,47]
pos:[217,896] size:[7,80]
pos:[128,816] size:[7,160]
pos:[224,976] size:[16,80]
pos:[272,879] size:[32,177]
pos:[272,767] size:[32,97]
pos:[144,848] size:[16,14]
pos:[144,896] size:[16,14]
pos:[144,944] size:[16,14]
pos:[176,848] size:[16,14]
pos:[176,896] size:[16,14]
pos:[176,944] size:[16,14]

[teleporter]
count:2
pos:[240,768] size:[32,4] target_coord:[-1.0,22.5] chunkid:1
pos:[240,1024] size:[32,4] target_coord:[-1.0,1.0] chunkid:8

[dialog]
count:0
